,0,1,2,3
0,2.169704643138787,0.431094427125327,0.19255392512816039,0.6115483848153074
1,-1.350064930937351,-2.1833450778469805,-2.042344978932119,-0.81904905727953
2,-1.5340774033700137,-1.450358557612189,-1.4051522055056336,-1.9140660837259524
3,-1.7877020157516608,-1.9867122448854286,-1.6835139843723703,-1.1640787369193055
4,-0.7438739029896433,-1.3242305513190396,0.025596600586436535,-1.0369846867839474
5,-1.6518484172540737,-0.3585951745896494,-1.5368488612712397,-0.9926359810724434
6,1.1023709644609077,0.7848871345776565,0.2861425033835,0.833614493489153
7,0.3178205139031647,0.3518104582030822,0.3076424197580835,0.7611413047922886
8,0.4373960562734406,-0.4282445401011324,0.20725099375385317,0.003946616455884778
9,1.2689325289729982,1.6375298695101874,2.3661042730027084,0.5542081262305877
10,0.22327388945779747,1.425711252142372,2.0620280101292385,0.4729085595351331
11,0.7270805580910802,-1.0501227509166506,0.26275755773025566,-0.9523540361175271
12,1.9554347855247811,1.555334517327105,0.029408309374915564,1.8504165219635522
13,0.4410635465742263,1.663582296965858,2.757671881817032,1.0572604005236976
14,-0.8755339204111374,0.05879574970970336,0.6553820955325353,1.3650142772283953
15,-0.16494932542458993,-0.15506901440250778,-0.9817187232546866,0.2236459073661791
16,0.829114813731008,0.49088365395408706,0.3188474682035863,-0.05704082854087745
17,1.1527388620270327,0.672403395617776,1.2371584765534356,1.3770927704333884
18,-0.809572221303901,-1.7414090269325486,-1.5338639400416039,-2.2887496689566444
19,-0.7283470614274216,0.8599258694435563,0.5514411281140342,-0.10257382779578186
20,0.011514046065256474,-0.80814006398761,0.9800078696759038,-0.17346801710875598
21,0.07084379140485517,-0.25994166853395606,-1.1639328329039118,0.008756024340987463
22,-1.3604570002284537,-2.156342861733296,-2.0531683564645276,-1.3979334540828028
23,-0.029037965921697974,0.3211193488370954,-0.8544441744794299,-0.07058702662582163
24,-1.4329637234728745,-1.8010473096812611,-1.3581596901587436,-1.9057509326397146
25,1.4008326728222849,1.6362893898417816,2.2349307348571283,1.351204882141103
26,-0.9327192503118531,-1.1335446572813457,-0.8065125637946056,-0.563646587541019
27,-0.12114299592058304,-0.22131522839960124,0.44685160286191794,-0.17664723652192948
28,-0.06887940400006365,-3.1862422166712134,-0.7605854430682857,-1.5507255125663262
29,-0.4337566867098578,-1.4383530538732905,-0.5075872112798601,-1.190231760144632
30,-0.5309259508339998,-1.7786109236417966,-0.5192787007570725,-1.526048809158322
31,-0.6385501825506765,0.0851822417385532,-0.21880789082411692,-0.13742022371453144
32,-1.9487315931243903,-1.7139685914714555,0.3856160866475822,-1.4217686436150434
33,-1.0981775558694762,-2.082904902293249,-0.7340886753256353,0.37620083168405527
34,-0.08667508853800454,1.7370892225397718,1.6651637547240288,-0.7885921523989261
35,0.09600472182827982,-0.1893910628943477,-1.0387325795089333,-0.16627563436866505
36,-0.8418993756391429,-0.06664256462270679,-0.5245844364110623,-1.60575167425934
37,-1.2196392151857622,0.015305271689150857,-0.59791365187925,-2.249948982752512
38,1.1572748054947375,1.255783859170973,-1.1000803909673775,0.07182621256859886
39,0.7307659833786619,2.638590984815825,0.8854730265311005,1.3713832498216045
40,-2.1373312147439743,-0.5249476351124468,-2.018054408980786,-0.24001148625188162
41,0.6251613340111415,1.29364648088566,1.3354088425508706,0.5658649996738465
42,0.22045957628388818,0.8731974284278373,-0.12991009554305852,-0.15541461847199256
43,-0.4296332679452316,0.09136734888112841,-1.0174497208362827,-1.0970884119821427
44,0.4224610268851653,0.1906705144257225,-1.043136201591458,-0.695665237397464
45,-1.6889095031360242,-1.368517761946822,-1.2661428210214472,-1.7438863280949564
46,0.4288191560782083,-0.29183668944328667,-0.09423194640935106,1.6051598910720162
47,-1.3666518701808337,-2.6552897497986923,-1.7223221094290686,-0.31180004841525444
48,-0.585089778999062,-1.4781379838030968,-0.33560318065788824,-0.42594024002462366
49,-1.345264700226547,-2.114155293393365,-1.7013260522434526,0.018351878244616815
50,0.2284170691702344,1.3278247579564022,2.32213999759124,1.5654536159853156
51,-0.8179162907408544,-1.377838105712604,-1.6659515728624992,-1.165512265957288
52,-0.8758232680867554,-1.1978528394353771,-0.475452732697594,-0.025275485224864558
53,0.9233551507276208,1.0660462358478138,-0.2361439068963982,0.39110106873647243
54,-1.0170761502964119,-0.9443416299351133,-0.14639858649220516,-2.341357103699023
55,1.2559679173852911,0.95046955168697,0.4158725792332776,0.3853760849904656
56,0.7732478612545323,0.607742320489504,0.8574649207948055,0.7846466331214081
57,0.5651193114235868,1.2001737628677889,0.550923502925954,0.5740463962182909
58,-1.3815097049527023,-0.9218841348897141,-1.031309244199675,0.44614187148898
59,1.5987883859639682,1.3757670730318754,2.3337737247659787,-0.05740990487461306
60,-1.5665037415024314,-0.36200804668482445,-0.7902616071181536,-0.6187247115931549
61,-0.41984578455765326,-0.22909302114827684,-0.37585938707372557,-0.31668338905281707
62,0.7876338268076696,0.7950697417954052,-0.017267586611879437,1.8024039761637778
63,0.29140170413194516,-0.30608706718726386,0.47241248571747557,0.3074466034887954
64,-0.7312387005862514,-2.264072633768854,-0.34053372933284376,-1.7913762415763084
65,-1.101723106795862,-1.6018076834787451,-1.1441082576785986,-0.8589159669221447
66,-0.660335772452477,-2.17574832045966,-1.7204900257479743,-0.5779765472660391
67,-1.5670598805764084,0.3856588383240096,-0.09178167985505736,0.040033888216187696
68,-1.478397227712526,-0.4422620183124129,-0.2005999279860738,-0.29971963334219714
69,-1.5037825925141364,-1.4272692901451443,-1.3997050347406965,-0.8596528054563842
70,1.1680590661232828,1.442214967414958,1.8369258371122053,1.835700868856182
71,-2.0346902622371488,-1.580378749528908,-0.32892802846002456,-1.5535412315625694
72,-0.3950196258862094,0.3804755531138195,0.3800150063362424,0.14499656972299824
73,-0.6306949758623999,0.7126530471260465,-0.3691170405761925,0.7324538423132001
74,0.4485951810606673,0.9343843718206613,1.2437641377740032,-0.9094449246704895
75,-0.23752359740516216,-1.4949777059300102,0.28490973955566723,-1.2247172333241976
76,0.5655391661540925,1.303453463618065,1.2785862416323115,1.4536081278081563
77,-0.7466516836125334,-0.06698811983947195,-0.6362350410234876,-2.063620820281348
78,0.6393858853050561,0.8764476342234933,1.7221464705515779,0.5633370291070513
79,-0.14205828019692418,-0.11504692416516803,0.7478248482809834,-0.27138599011812387
80,-2.062895618929214,-0.6216957807237369,-1.6579577043201519,-1.5730010099659948
81,-0.6958782166197355,-0.4923648105326919,-0.5970409748980963,-1.225116914349876
82,0.8630675561287119,0.8598127032552294,2.2923408244817303,1.3525982996590908
83,0.7517866874374404,-0.4103273273064081,0.3638924945492097,-0.8156853355612457
84,0.07712555236532018,-0.16678448620314681,0.5119300781246261,0.009120663057918465
85,0.10792443206124144,-0.168171939945094,0.4117014650204143,-0.47438275451756706
86,-0.45522307164658865,0.377224963703369,0.7648960096448392,0.32814710305914757
87,0.44587552621306925,-1.3989083893330563,-0.5967180388837806,0.16529192032947088
88,0.3372412357063238,-0.6078691711482516,-1.503595182694226,1.0451914834379428
89,1.0893967331471224,1.5472595526716462,2.127022591840781,0.38899101513582524
90,0.4980863909525124,1.417212447448869,1.8481782215513847,-0.3178473941703097
91,-1.1867464337738085,-0.28994766137967853,-1.2393396280233964,-0.1067698964681838
92,-0.9065888653738926,-1.9497405506732375,-1.4983450915051375,-0.4274387009780317
93,-0.4117660438760805,-1.5952011471419776,-0.747094350888392,-1.0328684566127457
94,-1.3721136972848953,0.001240635150055791,-1.4009423827814658,-0.6399106811738071
95,0.6969730984035171,0.35777110487638386,0.49376865215990196,0.5956456915331388
96,-0.04366996392525646,0.3742127773339857,0.49028069962428034,0.5622343193079029
97,1.5701248508427403,-0.4079159324989541,0.9963371538985322,1.2529488932889954
98,-2.00374338044217,-0.5942101028667548,-0.6216667345383375,-1.0928431647613412
99,-0.4811376102802581,-0.5746963004648243,1.1566526030497168,-0.4027051278300846
100,0.6532838127410562,1.3962212573024844,2.1766356990321554,-0.19360735569249288
101,-1.1032470527738076,-0.5566103242143041,-1.0679591462342608,-1.5085741594658706
102,0.17066087792676393,0.8510518480416305,0.44338593485486216,0.20394452416569944
103,1.0189679403410052,-0.3954958358742935,-0.11462671421738393,-0.3898062215388496
104,0.013158363665182042,0.20951782740354674,-0.5241667652909568,-0.3531752615744745
105,1.179263670198274,0.4660126841692836,-0.36381985250270793,-1.4982472792690957
106,-0.5427033942294341,0.8879283770828097,0.06559606661553574,0.2009078071837722
107,-0.16576562929294383,-1.670785632543808,1.6952330779158424,0.01490024213621598
108,0.8860738560014116,0.9915593104713586,1.0751025507093066,0.4695869977475514
109,-0.49579976333301123,-0.9908057641542999,-0.4608238428337216,-1.8425058732266588
110,0.6661677786775455,1.2624045011297282,1.3108732088931316,1.0599784692446885
111,-0.6009390824350881,-1.031723380251489,1.047161177010687,-0.23971601337265835
112,0.8832781247877034,1.0599840951981123,1.768251782401537,1.7679769950199953
113,1.638847325556065,0.29393883162997836,-0.1724163747187315,2.0045432975518125
114,1.806472852934172,1.4988231824487137,1.8712218936324176,0.8458228947507623
115,0.6613388671334401,0.08445603365048306,1.195974638099013,-0.795462533132203
116,-0.9433076309352917,0.07544910350572565,0.608166693318942,-1.688807924464399
117,-2.7272569495008843,-0.7010572546188094,-0.8246942066986639,-1.1703275608474883
118,-0.20318606649656487,0.2574831025884462,-0.15249667123613486,0.7680235951935146
119,-0.49057903142984605,-0.40657277249947643,-1.200482843646304,-0.8323900997351276
120,0.18338682952919647,-0.6832117802621613,-1.2245108648506513,0.23494612493968398
121,0.42954346262833965,0.9649938396128956,-1.4826895612493916,-0.27892721917744767
122,0.8241179892599926,0.266985194302656,0.9876148012298003,-0.39480413752633403
123,0.7933876345952622,0.9487701889690552,1.1690791477679516,1.5329708018229753
124,0.26006170770773185,-2.3296118920060964,0.004600669905861832,-0.9395702319792973
125,-1.1422628375097839,-0.30624107058353156,1.0751230478002485,0.1731792825667531
126,0.43341864122419715,0.305803760592652,1.4029437786029733,0.32821290576567286
127,-0.10739074592499781,-0.6042947328589904,-0.12878205062341197,0.6045611744773934
128,0.8739623423140077,-0.3048828637354366,1.8097602916942344,1.1802825074598018
129,0.007783422576651607,-0.7610192631804061,-0.244803711341969,-0.1717906501585432
130,0.23060853553052338,0.7305877893673123,-0.11862026822297067,0.04414328365411482
131,-1.8976606202709023,-1.1833008470122204,-1.223579852694419,-1.5425339106756786
132,-1.1519423690095774,0.18720016702817688,-0.4470149812668801,-1.7153723994219274
133,-0.07485279090401187,0.3397006622251452,0.8355002034158917,0.4401810419903207
134,-0.5787984088911653,-0.6126855379079665,-2.7419903724351755,-0.7997281969861169
135,0.6732624291703435,0.5845984249375549,1.21045333412639,1.2651801781727299
136,0.24086396587476402,0.8952126816249126,0.4387085571862237,0.10748184560568005
137,-0.8039311609637714,1.5043199970045187,0.45198417118677314,0.25580823836585975
138,-1.2974691060221926,0.1025119894683781,-1.3262888860038546,-0.9738298390265526
139,-0.4163846286893509,-0.07807028812281215,-0.06125879286761495,1.0158148788241557
140,2.7911736151158193,0.9470998090760114,1.0176660493412226,1.476036785254562
141,-1.8032121702149555,-1.19152657221379,-0.5146318930084276,-1.380785954879669
142,0.4070365026551189,0.4528679737339122,0.45733380591399064,0.9692937847509877
143,-0.8596327646756838,0.1701964460065156,0.9065657498819326,-0.5318858194994819
144,0.42592372146811885,0.5828567401693706,1.5131365626946547,0.42121954647683546
145,0.36596216856923175,1.2700295497252183,0.17542726194102135,0.3306989558524791
146,0.48861999164656444,-0.06797172392559336,-0.6352084571624655,0.1673554826106899
147,-1.501963772459602,1.1000811623248636,0.29089760809703663,0.5640861373517557
148,-0.10474335169677766,-0.11281679320766382,0.8112528828789873,0.1101408488657737
149,-0.17652344898391958,1.0572367363048707,0.4940137615063661,1.5540167920030883
150,0.7957598497829454,1.0616795699441752,0.7186850221744481,0.7624554062188089
151,0.07572750030758302,1.5321496855824248,0.379086288980807,1.119330345882583
152,-1.0592077871762773,-0.9007906002978862,-1.6098759763106802,-0.8768651669273207
153,-2.4447681596715936,-1.0513945808363145,-2.345255770580143,-0.9952539312837144
154,-1.0831730663311898,-0.014605480106064307,0.10202835244101559,-0.8401831526881968
155,-0.3161045384948363,0.29987216043419845,-0.03134368064067836,1.0367853730133776
156,1.8654828159897918,2.849808802168009,-0.753616713663608,1.304348156949097
157,0.36810903875706746,-1.1900130408859009,0.5669141198330807,1.2981748320068018
158,0.45068994983504956,-0.49314668318226157,-0.11083395206424806,-0.8901100279125032
159,-0.8608091375155321,-1.1419864202878651,-0.6618217619705107,-0.5076997011733024
160,-0.737444958567584,-0.5687209916280749,-0.5374304987710625,-1.649863023465862
161,0.4742198213163741,1.6713141951019939,0.06457874659406293,1.1561540090586342
162,-1.3304462513921202,-1.9339880077749594,0.45415677225716133,-1.2759981645977556
163,-0.12797650280237596,-0.7833460483837337,-0.4887925800610238,1.4749591957479893
164,-0.6425243598205956,-1.7123116035405261,-0.8631259875342445,-0.41796130663268827
165,0.25728742205755895,0.867034291474416,1.327770867518307,0.38778857746607176
166,0.41540713531398943,0.3855589656063877,1.1306905525227415,0.4941417279264859
167,-1.098893288741031,-0.3881794699954283,-1.5781677176863744,-1.369889742187786
168,0.8632566622220592,0.04078640684527122,-0.12354297859006305,0.16285828002575597
169,0.045754609253477074,-1.010394231758974,-1.9131278789744197,-1.7043224871606997
170,0.3028166451885804,0.1786232200610805,-0.6305647301068754,0.6188336997821211
171,1.1106557735773828,-1.0896786306295652,0.7337966796366636,-0.09922182448793217
172,1.7085560415408212,1.4871187732223796,1.8446479216775211,0.45565001353488577
173,-0.9112094442762146,-1.6332208009161522,-0.6693037733634573,0.5602497187701734
174,-1.0924359537765376,-0.8323977522574882,-1.6371179616070914,-1.8306225844142316
175,-0.23934037877420555,-1.2527009520357444,-0.5372417448757363,-1.9278742338750001
176,0.599568910455549,-1.6062468595919013,-0.21449288940571476,0.12259479414716197
177,2.0527904147481317,0.19725986422989505,0.3528767922292385,0.5019802972267007
178,0.14352419655218657,0.5279448323681745,-0.5177418242369691,-0.3395785874409263
179,-1.8493354575106684,-1.8781653074455198,-0.7558844893582146,0.0588018962029111
180,1.118233346323605,1.1426068294000093,2.613088589661575,2.707241047296667
181,-0.5967898450502207,-1.4480237913244527,-1.1582463453874714,-0.7871101470496333
182,0.6744233533337348,-0.3407434755789779,1.0804442048341447,-0.8703756722796019
183,-0.4821606499216884,-1.3543847273190512,-0.3114462719412957,-0.19759755260745648
184,-0.2548694486167769,-0.7242773328285066,0.1883077446525541,-2.0943613161419874
185,-1.1200329070520498,-0.5780120962212325,-0.5326093971828298,-1.5827655490936419
186,0.2795003697014605,0.8235521750718826,1.9849114312397202,1.6205299339236152
187,-0.29059858893202395,0.14176423341022693,1.780531514508162,1.2115942301673648
188,-1.6174953933837357,-2.2039059344445304,-2.2306344570539602,0.04030331946815191
189,-0.47134748792408765,-2.6456278084301665,-0.7302287225311208,-2.2636604848835935
190,1.5203698522836864,2.1364283541712115,1.1451992428486326,-0.23583894543674466
191,-0.5507016938391527,-0.12120009253226033,1.6236375343848153,-0.23002319389724948
192,0.33845947193262726,-0.7564875257731063,-0.8861303471437548,0.15672966036293062
193,1.2319797023271404,1.2053391498375192,-0.717704989707274,0.5892247251783997
194,0.3589976341303477,1.5907198806330864,-0.065999525600962,1.4440958454468928
195,1.3872577666945416,0.6972987798038289,0.15683763480344004,-0.4702490409268243
196,1.920249744341467,1.3410950856020891,2.3991454778519197,1.6298589034601174
197,-0.4859504218042427,-0.6892671574239974,0.16562308096167147,-1.3862656354598308
198,1.903281156234046,0.5033996090566166,1.8655987635113673,0.1858903471258786
199,-1.3926988064250054,-1.085220652225619,-0.41987507071214036,-1.416702498382899
200,-0.9437308835537818,-1.6539369118568548,-1.9674542743682415,-1.3831941089894153
